[584]
[302, 584]
[302, 485, 584]
[61, 302, 485, 584]
[61, 302, 485, 584, 772]
[61, 62, 302, 485, 584, 772]
[61, 62, 302, 314, 485, 584, 772]
[61, 62, 302, 314, 420, 485, 584, 772]
[61, 62, 302, 314, 420, 485, 584, 710, 772]
[61, 62, 226, 302, 314, 420, 485, 584, 710, 772]
[61, 62, 226, 302, 314, 347, 420, 485, 584, 710, 772]
[41, 61, 62, 226, 302, 314, 347, 420, 485, 584, 710, 772]
[41, 61, 62, 226, 302, 314, 347, 420, 485, 584, 710, 772, 897]
[41, 61, 62, 226, 302, 314, 347, 420, 426, 485, 584, 710, 772, 897]
[41, 61, 62, 226, 302, 314, 347, 420, 426, 485, 584, 710, 772, 887, 897]
[41, 61, 62, 226, 302, 314, 347, 420, 426, 442, 485, 584, 710, 772, 887, 897]
[41, 61, 62, 226, 291, 302, 314, 347, 420, 426, 442, 485, 584, 710, 772, 887, 897]
[41, 61, 62, 175, 226, 291, 302, 314, 347, 420, 426, 442, 485, 584, 710, 772, 887, 897]
[41, 61, 62, 175, 226, 291, 302, 314, 347, 420, 426, 442, 485, 584, 710, 772, 887, 897, 964]
[41, 61, 62, 175, 220, 226, 291, 302, 314, 347, 420, 426, 442, 485, 584, 710, 772, 887, 897, 964]
[41, 61, 62, 175, 220, 226, 251, 291, 302, 314, 347, 420, 426, 442, 485, 584, 710, 772, 887, 897, 964]
[41, 61, 62, 175, 220, 226, 251, 291, 302, 314, 330, 347, 420, 426, 442, 485, 584, 710, 772, 887, 897, 964]
[41, 61, 62, 175, 220, 226, 247, 251, 291, 302, 314, 330, 347, 420, 426, 442, 485, 584, 710, 772, 887, 897, 964]
[41, 61, 62, 175, 220, 226, 247, 251, 291, 302, 314, 330, 347, 420, 426, 442, 485, 584, 710, 718, 772, 887, 897, 964]
[41, 61, 62, 175, 220, 226, 247, 251, 291, 302, 314, 330, 347, 420, 426, 442, 485, 584, 710, 718, 772, 887, 897, 910, 964]
[41, 61, 62, 175, 220, 226, 247, 251, 291, 302, 314, 330, 347, 420, 426, 442, 485, 556, 584, 710, 718, 772, 887, 897, 910, 964]
[41, 61, 62, 175, 220, 226, 230, 247, 251, 291, 302, 314, 330, 347, 420, 426, 442, 485, 556, 584, 710, 718, 772, 887, 897, 910, 964]
[41, 61, 62, 175, 220, 226, 230, 247, 251, 291, 302, 314, 322, 330, 347, 420, 426, 442, 485, 556, 584, 710, 718, 772, 887, 897, 910, 964]
[41, 61, 62, 175, 220, 226, 230, 247, 251, 291, 302, 314, 322, 330, 347, 399, 420, 426, 442, 485, 556, 584, 710, 718, 772, 887, 897, 910, 964]
[41, 61, 62, 175, 220, 226, 230, 247, 251, 291, 302, 314, 322, 330, 347, 399, 420, 426, 442, 485, 556, 584, 710, 718, 772, 887, 897, 910, 954, 964]
[41, 61, 62, 175, 220, 226, 230, 247, 251, 291, 302, 314, 322, 330, 347, 399, 420, 426, 442, 485, 556, 584, 710, 718, 772, 887, 897, 910, 954, 964, 981]
[41, 61, 62, 175, 220, 226, 230, 247, 251, 291, 302, 314, 322, 330, 347, 399, 420, 426, 442, 485, 556, 584, 710, 718, 757, 772, 887, 897, 910, 954, 964, 981]
[41, 61, 62, 175, 202, 220, 226, 230, 247, 251, 291, 302, 314, 322, 330, 347, 399, 420, 426, 442, 485, 556, 584, 710, 718, 757, 772, 887, 897, 910, 954, 964, 981]
[41, 61, 62, 175, 202, 220, 226, 230, 247, 251, 291, 302, 313, 314, 322, 330, 347, 399, 420, 426, 442, 485, 556, 584, 710, 718, 757, 772, 887, 897, 910, 954, 964, 981]
[41, 61, 62, 175, 202, 220, 226, 230, 247, 251, 291, 302, 313, 314, 322, 330, 347, 399, 404, 420, 426, 442, 485, 556, 584, 710, 718, 757, 772, 887, 897, 910, 954, 964, 981]
[41, 61, 62, 175, 202, 220, 226, 230, 247, 251, 291, 302, 313, 314, 322, 330, 347, 399, 404, 420, 426, 442, 485, 556, 584, 604, 710, 718, 757, 772, 887, 897, 910, 954, 964, 981]
[41, 61, 62, 175, 202, 220, 226, 230, 247, 251, 291, 302, 313, 314, 322, 330, 347, 399, 404, 420, 426, 442, 485, 556, 584, 604, 710, 718, 757, 772, 887, 897, 910, 934, 954, 964, 981]
[41, 61, 62, 73, 175, 202, 220, 226, 230, 247, 251, 291, 302, 313, 314, 322, 330, 347, 399, 404, 420, 426, 442, 485, 556, 584, 604, 710, 718, 757, 772, 887, 897, 910, 934, 954, 964, 981]
[41, 61, 62, 73, 175, 202, 220, 226, 230, 247, 251, 291, 302, 313, 314, 322, 330, 347, 399, 404, 420, 426, 442, 485, 556, 584, 604, 710, 718, 757, 772, 781, 887, 897, 910, 934, 954, 964, 981]
[41, 61, 62, 73, 175, 202, 220, 226, 230, 247, 251, 291, 302, 313, 314, 322, 330, 347, 399, 404, 420, 426, 442, 485, 556, 584, 604, 710, 718, 757, 772, 781, 887, 897, 904, 910, 934, 954, 964, 981]