6 6 1.654985
26 47 1.893905
1 8 1.952619
40 17 1.297744
8 33 1.511402
13 33 1.050867
16 25 1.323100
14 45 1.226917
11 20 1.672078
3 34 1.284972
24 35 1.897828
39 45 1.752050
18 10 1.690974
28 23 1.084573
49 2 1.299647
45 6 1.508777
25 26 1.476881
13 5 1.677343
49 3 1.733190
49 9 1.996817
40 27 1.392940
29 40 1.788325
15 45 1.564553
17 13 1.843334
49 13 1.698624
26 2 1.950605
2 12 1.467391
11 24 1.575386
13 16 1.446439
27 47 1.702178
42 39 1.090057
32 34 1.081400
1 9 1.053623
25 24 1.845111
44 43 1.165550
27 41 1.541699
29 46 1.073300
45 7 1.491522
37 1 1.172810
6 35 1.834053
5 28 1.165273
34 23 1.387616
21 19 1.662726
42 21 1.097307
28 19 1.095693
2 17 1.022403
43 22 1.713193
14 32 1.496250
5 11 1.090461
41 5 1.439701
39 38 1.651051
3 15 1.654224
36 10 1.641749
28 26 1.384266
20 41 1.825961
35 16 1.605880
5 14 1.437343
30 49 1.497147
4 8 1.917939
47 9 1.344647
43 26 1.761295
25 48 1.883130
15 9 1.326749
9 48 1.576048
40 26 1.113532
17 30 1.658557
39 27 1.083151
41 14 1.675957
15 22 1.321128
8 27 1.685890
27 14 1.226328
16 41 1.528567
3 27 1.389473
4 44 1.288577
13 0 1.821268
16 39 1.518876
17 15 1.730776
45 40 1.985289
47 36 1.052062
29 0 1.060626
21 26 1.849133
28 15 1.498066
45 11 1.185084
29 30 1.141130
23 14 1.793461
36 7 1.386615
16 2 1.873310
35 12 1.157472
37 15 1.579615
13 24 1.707771
38 12 1.552477
25 21 1.007883
31 5 1.381990
33 13 1.994864
19 31 1.014357
1 19 1.350743
34 17 1.206266
28 49 1.742419
43 20 1.884457
0 26 1.329133
16 31 1.034850
48 33 1.121527
49 4 1.073753
26 6 1.462359
6 8 1.653843
25 15 1.867253
29 23 1.064361
46 46 1.969266
39 37 1.599053
0 32 1.134862
4 16 1.796969
44 35 1.956488
36 48 1.037488
30 13 1.290542
6 43 1.134705
9 21 1.696393
38 17 1.745167
11 32 1.313356
13 42 1.522513
0 49 1.484942
0 47 1.595366
7 41 1.695475
18 21 1.682616
13 36 1.659893
10 39 1.596739
33 46 1.747930
11 18 1.818985
32 13 1.718896
26 28 1.521418
28 42 1.422735
9 39 1.741603
14 44 1.092377
42 38 1.476639
13 22 1.118419
27 31 1.268336
44 47 1.603007
39 3 1.612525
20 48 1.517681
43 29 1.576359
44 27 1.390031
36 28 1.634137
18 46 1.654773
23 21 1.842396
18 20 1.551700
13 41 1.234792
49 24 1.092794
7 32 1.331059
10 10 1.642753
15 32 1.756853
47 44 1.239058
28 29 1.220658
46 3 1.627911
35 44 1.975068
37 34 1.761313
9 5 1.009873
6 42 1.174067
31 45 1.668991
31 44 1.658297
19 40 1.700620
34 5 1.255819
45 3 1.948329
6 40 1.040978
40 33 1.374352
21 1 1.711964
10 22 1.971778
40 4 1.946684
45 1 1.340514
35 3 1.971529
38 46 1.401670
5 6 1.623046
13 12 1.609446
4 39 1.837672
24 23 1.069365
12 27 1.843992
10 45 1.752233
29 27 1.765567
33 35 1.951101
25 47 1.747237
9 22 1.332896
39 23 1.934820
14 28 1.839530
35 8 1.400820
37 25 1.478651
7 17 1.057424
4 38 1.427867
7 13 1.167869
37 9 1.129945
48 40 1.826660
46 38 1.947134
35 9 1.560503
39 7 1.214560
11 28 1.999909
36 17 1.115223
45 32 1.888191
47 28 1.946298
43 33 1.558795
10 11 1.157851
4 48 1.734545
41 24 1.624679
11 15 1.858375
