11 0 1.8626419592629413 0.388882393442
10 6 1.8306104706098092 0.388882393442
6 13 1.8543377546204014 0.388882393442
10 14 2.3416819539322895 0.388882393442
14 8 0.5181550542899774 0.388882393442
12 14 1.43466256811839 0.388882393442
4 10 0.5181550542899774 0.388882393442
9 1 2.574836982024013 0.388882393442
15 2 0.4518638216531902 0.388882393442
1 10 2.3416819539322895 0.388882393442
9 11 0.5181550542899774 0.388882393442
12 13 1.1200432714506305 0.388882393442
11 4 2.574836982024013 0.388882393442
14 1 0.41428093117618126 0.388882393442
14 11 1.1200432714506305 0.388882393442
5 5 1.43466256811839 0.388882393442
5 14 1.8543377546204014 0.388882393442
8 11 2.0225341231546796 0.388882393442
6 11 2.3416819539322895 0.388882393442
0 8 0.42026761505021093 0.388882393442
12 6 1.1200432714506305 0.388882393442
1 8 1.1200432714506305 0.388882393442
4 13 1.1200432714506305 0.388882393442
11 10 0.6606851953374354 0.388882393442
0 3 1.1200432714506305 0.388882393442
13 4 2.574836982024013 0.388882393442
8 4 0.4518638216531902 0.388882393442
6 9 0.41428093117618126 0.388882393442
1 14 1.1200432714506305 0.388882393442
15 7 1.5204824599919968 0.388882393442
8 13 2.0225341231546796 0.388882393442
12 15 1.43466256811839 0.388882393442
4 6 0.5181550542899774 0.388882393442
4 14 0.6606851953374354 0.388882393442
10 13 2.0225341231546796 0.388882393442
8 0 0.7535492018748609 0.388882393442
10 7 2.0225341231546796 0.388882393442
14 3 2.0225341231546796 0.388882393442
1 15 1.43466256811839 0.388882393442
12 12 1.0456301932360759 0.388882393442
