0 0 4 9 20.718629 0.891006
0 0 6 3 30.933674 0.603396
0 1 4 9 23.281331 0.891006
0 1 6 3 32.500188 0.603396
0 2 4 9 26.042934 0.891006
0 2 6 3 33.537077 0.603396
0 3 4 9 29.010744 0.891006
0 3 6 3 33.901483 0.603396
0 4 4 9 32.171777 0.891006
0 4 6 3 33.537077 0.603396
0 5 4 9 35.467997 0.891006
0 5 6 3 32.500188 0.603396
0 6 4 9 38.751237 0.891006
0 6 6 3 30.933674 0.603396
0 7 4 9 41.719046 0.891006
0 7 6 3 29.010744 0.603396
0 8 4 9 43.880548 0.891006
0 8 6 3 26.887663 0.603396
0 9 4 9 44.686855 0.891006
0 9 6 3 24.682626 0.603396
1 0 4 9 21.714816 0.891006
1 0 6 3 34.661690 0.603396
1 1 4 9 24.499174 0.891006
1 1 6 3 36.777250 0.603396
1 2 4 9 27.558393 0.891006
1 2 6 3 38.229601 0.603396
1 3 4 9 30.933674 0.891006
1 3 6 3 38.751237 0.603396
1 4 4 9 34.661690 0.891006
1 4 6 3 38.229601 0.603396
1 5 4 9 38.751237 0.891006
1 5 6 3 36.777250 0.603396
1 6 4 9 43.120341 0.891006
1 6 6 3 34.661690 0.603396
1 7 4 9 47.448459 0.891006
1 7 6 3 32.171777 0.603396
1 8 4 9 50.937903 0.891006
1 8 6 3 29.532379 0.603396
1 9 4 9 52.339198 0.891006
1 9 6 3 26.887663 0.603396
2 0 4 9 22.475023 0.891006
2 0 6 3 38.751237 0.603396
2 1 4 9 25.442833 0.891006
2 1 6 3 41.719046 0.603396
2 2 4 9 28.757403 0.891006
2 2 6 3 43.880548 0.603396
2 3 4 9 32.500188 0.891006
2 3 6 3 44.686855 0.603396
2 4 4 9 36.777250 0.891006
2 4 6 3 43.880548 0.603396
2 5 4 9 41.719046 0.891006
2 5 6 3 41.719046 0.603396
2 6 4 9 47.448459 0.891006
2 6 6 3 38.751237 0.603396
2 7 4 9 53.905712 0.891006
2 7 6 3 35.467997 0.603396
2 8 4 9 60.156761 0.891006
2 8 6 3 32.171777 0.603396
2 9 4 9 63.124570 0.891006
2 9 6 3 29.010744 0.603396
3 0 4 9 22.952919 0.891006
3 0 6 3 43.120341 0.603396
3 1 4 9 26.042934 0.891006
3 1 6 3 47.448459 0.603396
3 2 4 9 29.532379 0.891006
3 2 6 3 50.937903 0.603396
3 3 4 9 33.537077 0.891006
3 3 6 3 52.339198 0.603396
3 4 4 9 38.229601 0.891006
3 4 6 3 50.937903 0.603396
3 5 4 9 43.880548 0.891006
3 5 6 3 47.448459 0.603396
3 6 4 9 50.937903 0.891006
3 6 6 3 43.120341 0.603396
3 7 4 9 60.156761 0.891006
3 7 6 3 38.751237 0.603396
3 8 4 9 72.343427 0.891006
3 8 6 3 34.661690 0.603396
3 9 4 9 81.562285 0.891006
3 9 6 3 30.933674 0.603396
4 0 4 9 23.116111 0.891006
4 0 6 3 47.448459 0.603396
4 1 4 9 26.249140 0.891006
4 1 6 3 53.905712 0.603396
4 2 4 9 29.801075 0.891006
4 2 6 3 60.156761 0.603396
4 3 4 9 33.901483 0.891006
4 3 6 3 63.124570 0.603396
4 4 4 9 38.751237 0.891006
4 4 6 3 60.156761 0.603396
4 5 4 9 44.686855 0.891006
4 5 6 3 53.905712 0.603396
4 6 4 9 52.339198 0.891006
4 6 6 3 47.448459 0.603396
4 7 4 9 63.124570 0.891006
4 7 6 3 41.719046 0.603396
4 8 4 9 81.562285 0.891006
4 8 6 3 36.777250 0.603396
4 9 4 9 100.000000 0.891006
4 9 6 3 32.500188 0.603396
5 0 4 9 22.952919 0.891006
5 0 6 3 50.937903 0.603396
5 1 4 9 26.042934 0.891006
5 1 6 3 60.156761 0.603396
5 2 4 9 29.532379 0.891006
5 2 6 3 72.343427 0.603396
5 3 4 9 33.537077 0.891006
5 3 6 3 81.562285 0.603396
5 4 4 9 38.229601 0.891006
5 4 6 3 72.343427 0.603396
5 5 4 9 43.880548 0.891006
5 5 6 3 60.156761 0.603396
5 6 4 9 50.937903 0.891006
5 6 6 3 50.937903 0.603396
5 7 4 9 60.156761 0.891006
5 7 6 3 43.880548 0.603396
5 8 4 9 72.343427 0.891006
5 8 6 3 38.229601 0.603396
5 9 4 9 81.562285 0.891006
5 9 6 3 33.537077 0.603396
6 0 4 9 22.475023 0.891006
6 0 6 3 52.339198 0.603396
6 1 4 9 25.442833 0.891006
6 1 6 3 63.124570 0.603396
6 2 4 9 28.757403 0.891006
6 2 6 3 81.562285 0.603396
6 3 4 9 32.500188 0.891006
6 3 6 3 100.000000 0.603396
6 4 4 9 36.777250 0.891006
6 4 6 3 81.562285 0.603396
6 5 4 9 41.719046 0.891006
6 5 6 3 63.124570 0.603396
6 6 4 9 47.448459 0.891006
6 6 6 3 52.339198 0.603396
6 7 4 9 53.905712 0.891006
6 7 6 3 44.686855 0.603396
6 8 4 9 60.156761 0.891006
6 8 6 3 38.751237 0.603396
6 9 4 9 63.124570 0.891006
6 9 6 3 33.901483 0.603396
7 0 4 9 21.714816 0.891006
7 0 6 3 50.937903 0.603396
7 1 4 9 24.499174 0.891006
7 1 6 3 60.156761 0.603396
7 2 4 9 27.558393 0.891006
7 2 6 3 72.343427 0.603396
7 3 4 9 30.933674 0.891006
7 3 6 3 81.562285 0.603396
7 4 4 9 34.661690 0.891006
7 4 6 3 72.343427 0.603396
7 5 4 9 38.751237 0.891006
7 5 6 3 60.156761 0.603396
7 6 4 9 43.120341 0.891006
7 6 6 3 50.937903 0.603396
7 7 4 9 47.448459 0.891006
7 7 6 3 43.880548 0.603396
7 8 4 9 50.937903 0.891006
7 8 6 3 38.229601 0.603396
7 9 4 9 52.339198 0.891006
7 9 6 3 33.537077 0.603396
8 0 4 9 20.718629 0.891006
8 0 6 3 47.448459 0.603396
8 1 4 9 23.281331 0.891006
8 1 6 3 53.905712 0.603396
8 2 4 9 26.042934 0.891006
8 2 6 3 60.156761 0.603396
8 3 4 9 29.010744 0.891006
8 3 6 3 63.124570 0.603396
8 4 4 9 32.171777 0.891006
8 4 6 3 60.156761 0.603396
8 5 4 9 35.467997 0.891006
8 5 6 3 53.905712 0.603396
8 6 4 9 38.751237 0.891006
8 6 6 3 47.448459 0.603396
8 7 4 9 41.719046 0.891006
8 7 6 3 41.719046 0.603396
8 8 4 9 43.880548 0.891006
8 8 6 3 36.777250 0.603396
8 9 4 9 44.686855 0.891006
8 9 6 3 32.500188 0.603396
9 0 4 9 19.538545 0.891006
9 0 6 3 43.120341 0.603396
9 1 4 9 21.863421 0.891006
9 1 6 3 47.448459 0.603396
9 2 4 9 24.318219 0.891006
9 2 6 3 50.937903 0.603396
9 3 4 9 26.887663 0.891006
9 3 6 3 52.339198 0.603396
9 4 4 9 29.532379 0.891006
9 4 6 3 50.937903 0.603396
9 5 4 9 32.171777 0.891006
9 5 6 3 47.448459 0.603396
9 6 4 9 34.661690 0.891006
9 6 6 3 43.120341 0.603396
9 7 4 9 36.777250 0.891006
9 7 6 3 38.751237 0.603396
9 8 4 9 38.229601 0.891006
9 8 6 3 34.661690 0.603396
9 9 4 9 38.751237 0.891006
9 9 6 3 30.933674 0.603396
