[15.4841265]
[17.5942465]
[20.239769000000003]
[23.0733915]
[26.1962095]
[29.4785495]
[33.4699885]
[38.211808]
[43.934329]
[50.872654999999995]
[60.217463499999994]
[72.2996765]
[81.574637]
[72.4427765]
[60.200951]
[15.4457565]
[17.6952025]
[20.349051499999998]
[23.097343000000002]
[26.217765]
[29.865821]
[33.8820695]
[38.708762]
[44.71063749999999]
[52.289631]
[63.1400095]
[81.61188050000001]
[100.091064]
[81.5570975]
[63.14932699999999]
[15.453433]
[17.629413]
[20.1220305]
[22.847999]
[25.9868935]
[29.477863]
[33.5001115]
[38.2262975]
[43.87084300000001]
[50.91001]
[60.1809815]
[72.38948350000001]
[81.5685105]
[72.33008550000001]
[60.172222000000005]
[15.0424105]
[17.3712535]
[19.804651999999997]
[22.591077999999996]
[25.291145999999998]
[28.767919000000003]
[32.384623500000004]
[36.8034105]
[41.700565000000005]
[47.5651785]
[53.9282005]
[60.0868365]
[63.157581]
[60.108125]
[53.9502745]
[14.62875]
[16.994262]
[19.189544]
[21.716355000000004]
[24.512779000000002]
[27.6087635]
[30.877070999999997]
[34.6321465]
[38.8360045]
[43.121599]
[47.496852499999996]
[50.860172000000006]
[52.437667000000005]
[50.975655]
[47.553853]
[14.245826999999998]
[16.069274]
[18.319322]
[20.7773925]
[23.339319999999997]
[25.973314499999997]
[29.098163500000002]
[32.206425499999995]
[35.391192000000004]
[38.7253735]
[41.718922]
[43.86837250000001]
[44.684244]
[43.898683]
[41.680884999999996]
[13.276433499999998]
[15.3405475]
[17.260271499999998]
[19.529964500000002]
[21.928969499999997]
[24.304453000000002]
[26.894178]
[29.455298000000003]
[32.154018]
[34.5798165]
[36.803805000000004]
[38.2946815]
[38.711518500000004]
[38.266436500000005]
[36.7443]
[12.564311]
[14.155017]
[16.246018]
[18.1597545]
[20.257023]
[22.4412065]
[24.7769865]
[26.953103499999997]
[29.022199499999996]
[30.953571]
[32.5104355]
[33.651557000000004]
[33.9396325]
[33.551223]
[32.388870000000004]
[11.5626055]
[13.242553000000001]
[14.988890000000001]
[16.8226475]
[18.700765]
[20.5300445]
[22.4492885]
[24.3174575]
[26.0125205]
[27.5309395]
[28.754994999999997]
[29.394799499999998]
[29.771324000000003]
[29.436374]
[28.760163499999997]
[10.6027465]
[12.1379275]
[13.716481000000002]
[15.412075999999999]
[17.0400775]
[18.606871]
[20.298894500000003]
[21.890793000000002]
[23.256535]
[24.5952705]
[25.356643000000005]
[26.087564999999998]
[26.300266]
[26.0444975]
[25.4946005]
[9.483511499999999]
[11.0154415]
[12.5134575]
[13.9646205]
[15.412892000000001]
[16.78223]
[18.286910499999998]
[19.5372665]
[20.673592]
[21.793557]
[22.587663499999998]
[22.9376005]
[23.119146499999996]
[22.887954499999996]
[22.612564499999998]
[8.463660500000001]
[9.780433]
[11.1702035]
[12.460405500000002]
[13.666707999999998]
[15.044008000000002]
[16.27423]
[17.440557]
[18.299767499999998]
[19.189075499999998]
[19.7547655]
[20.042246]
[20.318276]
[20.1481165]
[19.750443500000003]
[7.445185]
[8.578871999999999]
[9.7683305]
[11.0465975]
[12.106282999999998]
[13.248351499999998]
[14.310448999999998]
[15.350913]
[16.1785865]
[16.965357]
[17.381193999999997]
[17.759341]
[17.750136]
[17.7936345]
[17.2965365]
[6.1145005]
[7.406882499999999]
[8.4206525]
[9.5247245]
[10.604859500000002]
[11.5329925]
[12.4470695]
[13.3659785]
[14.044038500000001]
[14.559716000000002]
[15.1177785]
[15.363557499999999]
[15.485422000000002]
[15.371220000000001]
[15.0983525]
[5.2143655]
[6.0971205]
[7.061343999999999]
[8.164422]
[9.124270000000001]
[9.899512]
[10.7504375]
[11.527556500000001]
[12.153027999999999]
[12.664584999999999]
[13.035965000000001]
[13.1748075]
[13.230559000000001]
[13.119485500000001]
[13.0797375]
