28 26 1.236524
13 10 1.965963
20 23 1.067368
27 19 1.590102
5 22 1.810653
12 24 1.785947
23 14 1.549082
21 7 1.454553
18 14 1.210011
4 19 1.548886
23 27 1.555295
29 20 1.471706
15 29 1.941727
23 13 1.391996
20 22 1.937062
25 15 1.410518
18 7 1.747704
9 16 1.241010
1 17 1.808434
14 17 1.587882
25 9 1.108139
22 20 1.243741
24 2 1.684333
10 15 1.636472
21 8 1.021979
17 1 1.719063
17 11 1.108108
22 28 1.658437
6 27 1.869088
9 10 1.362957
11 19 1.227291
7 23 1.729448
1 21 1.217761
14 28 1.002324
3 26 1.049621
10 11 1.470040
20 3 1.661939
12 3 1.463169
28 28 1.792179
4 25 1.019243
10 25 1.943150
9 3 1.581035
27 10 1.205973
19 19 1.441301
9 5 1.572715
0 2 1.367471
11 4 1.104159
19 18 1.209536
15 6 1.561542
7 24 1.109141
27 15 1.829540
24 13 1.558050
11 13 1.888731
20 14 1.850587
19 27 1.714861
23 19 1.057722
29 21 1.619758
9 4 1.856513
26 19 1.828037
9 18 1.069074
28 11 1.381344
17 13 1.788752
24 21 1.129602
18 19 1.628837
2 5 1.717445
10 5 1.591978
20 2 1.509662
8 2 1.632934
23 1 1.995204
26 29 1.710499
17 23 1.296518
18 21 1.328999
10 12 1.066597
6 24 1.114727
12 18 1.954466
7 10 1.535170
19 2 1.820350
27 13 1.834592
6 19 1.060807
29 4 1.521700
