9 18 1.8626419592629413 0.388882393442
4 18 1.8306104706098092 0.388882393442
16 12 1.8543377546204014 0.388882393442
16 10 2.3416819539322895 0.388882393442
19 12 0.5181550542899774 0.388882393442
3 17 1.43466256811839 0.388882393442
17 4 0.5181550542899774 0.388882393442
15 7 2.574836982024013 0.388882393442
5 7 0.4518638216531902 0.388882393442
0 15 2.3416819539322895 0.388882393442
15 12 0.5181550542899774 0.388882393442
18 12 1.1200432714506305 0.388882393442
1 10 2.574836982024013 0.388882393442
1 15 0.41428093117618126 0.388882393442
17 0 1.1200432714506305 0.388882393442
5 12 1.43466256811839 0.388882393442
4 6 1.8543377546204014 0.388882393442
0 19 2.0225341231546796 0.388882393442
6 10 2.3416819539322895 0.388882393442
12 10 0.42026761505021093 0.388882393442
0 17 1.1200432714506305 0.388882393442
8 4 1.1200432714506305 0.388882393442
7 9 1.1200432714506305 0.388882393442
0 14 0.6606851953374354 0.388882393442
19 17 1.1200432714506305 0.388882393442
17 19 2.574836982024013 0.388882393442
5 17 0.4518638216531902 0.388882393442
17 18 0.41428093117618126 0.388882393442
11 9 1.1200432714506305 0.388882393442
4 2 1.5204824599919968 0.388882393442
4 11 2.0225341231546796 0.388882393442
19 16 1.43466256811839 0.388882393442
0 13 0.5181550542899774 0.388882393442
15 2 0.6606851953374354 0.388882393442
18 19 2.0225341231546796 0.388882393442
3 4 0.7535492018748609 0.388882393442
6 13 2.0225341231546796 0.388882393442
9 9 2.0225341231546796 0.388882393442
10 12 1.43466256811839 0.388882393442
15 18 1.0456301932360759 0.388882393442
15 0 1.1200432714506305 0.388882393442
0 12 0.41428093117618126 0.388882393442
2 1 0.6606851953374354 0.388882393442
17 7 2.3416819539322895 0.388882393442
0 18 0.31961585322723524 0.388882393442
14 15 1.0456301932360759 0.388882393442
3 15 2.3416819539322895 0.388882393442
16 14 0.42026761505021093 0.388882393442
