22 5 0.5461211916522213 0.5318082024500825
4 17 1.1998418625354381 0.3982618184652559
22 7 0.6576342465038365 0.4226197435597646
12 0 0.7585674079632785 0.4226197435597646
9 26 0.6576342465038365 0.388882393442197
24 6 0.959732271482958 0.388882393442197
12 18 0.959732271482958 0.3982618184652559
10 29 0.959732271482958 0.4226197435597646
21 18 0.5469319961054669 0.3982618184652559
27 7 0.7162271245163284 0.4226197435597646
24 13 1.0859736888895875 0.6709536614833002
16 17 0.6576342465038365 0.38711563194200865
22 11 0.959732271482958 0.3982618184652559
27 28 0.9678026049425765 0.388882393442197
21 19 0.7162271245163284 0.3982618184652559
1 12 0.7162271245163284 0.5318082024500825
20 15 1.1998418625354381 0.4608519427881055
5 9 0.9678026049425765 0.38711563194200865
15 22 0.959732271482958 0.4608519427881055
21 29 0.7585674079632785 0.4226197435597646
23 20 1.0859736888895875 0.6709536614833002
26 24 1.1998418625354381 0.388882393442197
5 0 0.6576342465038365 0.38711563194200865
2 13 1.030856339011877 0.388882393442197
22 26 0.9678026049425765 0.4226197435597646
0 28 0.9678026049425765 0.38711563194200865
8 25 0.9678026049425765 0.388882393442197
14 17 0.5469319961054669 0.5318082024500825
18 27 1.126285131344663 0.38711563194200865
12 4 0.9678026049425765 0.4226197435597646
21 17 0.7162271245163284 0.5318082024500825
16 26 0.5469319961054669 0.4608519427881055
4 19 1.0859736888895875 0.5318082024500825
0 7 0.7162271245163284 0.4226197435597646
16 14 0.9678026049425765 0.4608519427881055
27 1 1.126285131344663 0.6709536614833002
12 16 1.0859736888895875 0.38711563194200865
13 12 0.959732271482958 0.5318082024500825
13 19 0.959732271482958 0.6709536614833002
27 18 1.126285131344663 0.5318082024500825
24 29 1.0859736888895875 0.4608519427881055
6 17 1.030856339011877 0.4226197435597646
3 14 1.0859736888895875 0.38711563194200865
16 16 0.5469319961054669 0.4608519427881055
22 27 1.0859736888895875 0.5318082024500825
5 12 0.959732271482958 0.388882393442197
4 14 0.7585674079632785 0.4226197435597646
24 11 0.9678026049425765 0.5318082024500825
1 0 0.7162271245163284 0.4608519427881055
11 18 1.126285131344663 0.6709536614833002
13 18 0.5469319961054669 0.3982618184652559
8 21 0.6576342465038365 0.5318082024500825
25 26 0.5461211916522213 0.5318082024500825
27 20 0.5469319961054669 0.4226197435597646
9 11 0.7585674079632785 0.388882393442197
19 15 0.6576342465038365 0.5318082024500825
14 20 1.030856339011877 0.3982618184652559
28 0 1.126285131344663 0.38711563194200865
13 27 0.7162271245163284 0.38711563194200865
25 7 1.126285131344663 0.388882393442197
20 21 0.5469319961054669 0.3982618184652559
1 6 1.0859736888895875 0.388882393442197
23 18 0.7585674079632785 0.6709536614833002
28 19 0.7585674079632785 0.388882393442197
5 6 1.1998418625354381 0.3982618184652559
3 3 0.959732271482958 0.3982618184652559
7 27 1.126285131344663 0.5318082024500825
24 18 0.7162271245163284 0.38711563194200865
6 27 1.1998418625354381 0.4226197435597646
21 8 0.9678026049425765 0.4608519427881055
3 1 0.959732271482958 0.3982618184652559
29 22 1.0859736888895875 0.38711563194200865
12 2 0.7162271245163284 0.388882393442197
25 2 0.7162271245163284 0.4608519427881055
17 0 0.5469319961054669 0.6709536614833002
13 15 0.5461211916522213 0.388882393442197
14 0 1.030856339011877 0.4608519427881055
22 25 1.126285131344663 0.6709536614833002
23 25 0.5469319961054669 0.38711563194200865
17 9 1.030856339011877 0.4608519427881055
15 8 0.6576342465038365 0.4226197435597646
12 29 0.959732271482958 0.38711563194200865
22 3 0.5469319961054669 0.6709536614833002
21 27 1.126285131344663 0.6709536614833002
9 21 0.6576342465038365 0.6709536614833002
9 6 0.5461211916522213 0.6709536614833002
17 29 1.126285131344663 0.5318082024500825
27 9 0.7162271245163284 0.4608519427881055
11 2 1.030856339011877 0.4608519427881055
21 5 0.959732271482958 0.388882393442197
13 5 0.9678026049425765 0.4226197435597646
20 27 0.959732271482958 0.38711563194200865
0 18 0.9678026049425765 0.3982618184652559
29 29 0.7585674079632785 0.388882393442197
12 22 1.1998418625354381 0.38711563194200865
9 9 1.1998418625354381 0.4608519427881055
3 22 1.1998418625354381 0.5318082024500825
8 24 0.7162271245163284 0.4226197435597646
1 10 0.5469319961054669 0.4608519427881055
15 15 0.5461211916522213 0.38711563194200865
