[41] -11.480228944077265
[41, 76] 0.638464026703207
[41, 76, 78] 0.9543808935669283
[41, 56, 76, 78] 0.9854002233706218
[41, 56, 76, 78, 87] 0.9951098954519455
[23, 41, 56, 76, 78, 87] 0.9981611702048833
[23, 41, 53, 56, 76, 78, 87] 0.9995076253106456
[23, 41, 53, 56, 58, 76, 78, 87] 0.9997979283519182
[23, 41, 53, 56, 58, 76, 78, 79, 87] 0.9999624171567333
[23, 41, 53, 56, 58, 76, 78, 79, 87, 88] 0.9999789668483977
[4, 23, 41, 53, 56, 58, 76, 78, 79, 87, 88] 0.9999925915195007
[4, 23, 31, 41, 53, 56, 58, 76, 78, 79, 87, 88] 0.9999960056672638
[4, 9, 23, 31, 41, 53, 56, 58, 76, 78, 79, 87, 88] 0.9999977172719647
[4, 9, 23, 31, 41, 53, 56, 58, 76, 78, 79, 87, 88, 98] 0.9999989307015823
[4, 9, 23, 25, 31, 41, 53, 56, 58, 76, 78, 79, 87, 88, 98] 0.9999993383705045